2	1	[1, 0, 1, 0, 0, 1, 0, 0, 0, 0, 0, 0]
7	1	[6, 1, 1, 0, 0, 0, 0, 0, 0, 0, 0, 0]
5	1	[4, 1, 0, 0, 0, 0, 0, 0, 0, 0, 0, 0]
3	1	[2, 2, 0, 0, 0, 0, 0, 1, 0, 0, 0, 0]
2	2	[0, 1, 0, 0, 0, 0, 0, 0, 0, 0, 0, 0, 0, 0, 0, 0, 0, 0, 0, 0, 0, 0, 0, 0]
5	2	[0, 1, 0, 0, 0, 0, 0, 0, 0, 0, 0, 0, 0, 0, 0, 0, 0, 0, 0, 0, 0, 0, 0, 0]
7	2	[1, 0, 1, 0, 0, 0, 0, 0, 0, 0, 0, 0, 0, 0, 0, 0, 0, 0, 0, 0, 0, 0, 0, 0]
2	3	[0, 1, 0, 0, 0, 0, 0, 0, 0, 0, 0, 0, 0, 0, 0, 0, 0, 0, 0, 0, 0, 0, 0, 0, 0, 0, 0, 0, 0, 0, 0, 0, 0, 0, 0, 0]
3	2	[1, 0, 1, 0, 0, 0, 0, 0, 0, 0, 0, 0, 0, 0, 0, 0, 0, 0, 0, 0, 0, 0, 0, 0]
2	4	[0, 1, 0, 0, 0, 0, 0, 0, 0, 0, 0, 0, 0, 0, 0, 0, 0, 0, 0, 0, 0, 0, 0, 0, 0, 0, 0, 0, 0, 0, 0, 0, 0, 0, 0, 0, 0, 0, 0, 0, 0, 0, 0, 0, 0, 0, 0, 0]
7	3	[0, 1, 0, 0, 0, 0, 0, 0, 0, 0, 0, 0, 0, 0, 0, 0, 0, 0, 0, 0, 0, 0, 0, 0, 0, 0, 0, 0, 0, 0, 0, 0, 0, 0, 0, 0]
5	3	[0, 1, 0, 0, 0, 0, 0, 0, 0, 0, 0, 0, 0, 0, 0, 0, 0, 0, 0, 0, 0, 0, 0, 0, 0, 0, 0, 0, 0, 0, 0, 0, 0, 0, 0, 0]
3	3	[0, 1, 0, 0, 0, 0, 0, 0, 0, 0, 0, 0, 0, 0, 0, 0, 0, 0, 0, 0, 0, 0, 0, 0, 0, 0, 0, 0, 0, 0, 0, 0, 0, 0, 0, 0]
2	5	[0, 1, 0, 0, 0, 0, 0, 0, 0, 0, 0, 0, 0, 0, 0, 0, 0, 0, 0, 0, 0, 0, 0, 0, 0, 0, 0, 0, 0, 0, 0, 0, 0, 0, 0, 0, 0, 0, 0, 0, 0, 0, 0, 0, 0, 0, 0, 0, 0, 0, 0, 0, 0, 0, 0, 0, 0, 0, 0, 0]
5	4	[2, 2, 1, 0, 0, 0, 0, 0, 0, 0, 0, 0, 0, 0, 0, 0, 0, 0, 0, 0, 0, 0, 0, 0, 0, 0, 0, 0, 0, 0, 0, 0, 0, 0, 0, 0, 0, 0, 0, 0, 0, 0, 0, 0, 0, 0, 0, 0]
2	6	[0, 1, 0, 0, 0, 0, 0, 0, 0, 0, 0, 0, 0, 0, 0, 0, 0, 0, 0, 0, 0, 0, 0, 0, 0, 0, 0, 0, 0, 0, 0, 0, 0, 0, 0, 0, 0, 0, 0, 0, 0, 0, 0, 0, 0, 0, 0, 0, 0, 0, 0, 0, 0, 0, 0, 0, 0, 0, 0, 0, 0, 0, 0, 0, 0, 0, 0, 0, 0, 0, 0, 0]
3	4	[0, 1, 0, 0, 0, 0, 0, 0, 0, 0, 0, 0, 0, 0, 0, 0, 0, 0, 0, 0, 0, 0, 0, 0, 0, 0, 0, 0, 0, 0, 0, 0, 0, 0, 0, 0, 0, 0, 0, 0, 0, 0, 0, 0, 0, 0, 0, 0]
7	4	[1, 0, 1, 0, 0, 0, 0, 0, 0, 0, 0, 0, 0, 0, 0, 0, 0, 0, 0, 0, 0, 0, 0, 0, 0, 0, 0, 0, 0, 0, 0, 0, 0, 0, 0, 0, 0, 0, 0, 0, 0, 0, 0, 0, 0, 0, 0, 0]
2	7	[0, 1, 0, 0, 0, 0, 0, 0, 0, 0, 0, 0, 0, 0, 0, 0, 0, 0, 0, 0, 0, 0, 0, 0, 0, 0, 0, 0, 0, 0, 0, 0, 0, 0, 0, 0, 0, 0, 0, 0, 0, 0, 0, 0, 0, 0, 0, 0, 0, 0, 0, 0, 0, 0, 0, 0, 0, 0, 0, 0, 0, 0, 0, 0, 0, 0, 0, 0, 0, 0, 0, 0, 0, 0, 0, 0, 0, 0, 0, 0, 0, 0, 0, 0]
2	8	[0, 1, 0, 0, 0, 0, 0, 0, 0, 0, 0, 0, 0, 0, 0, 0, 0, 0, 0, 0, 0, 0, 0, 0, 0, 0, 0, 0, 0, 0, 0, 0, 0, 0, 0, 0, 0, 0, 0, 0, 0, 0, 0, 0, 0, 0, 0, 0, 0, 0, 0, 0, 0, 0, 0, 0, 0, 0, 0, 0, 0, 0, 0, 0, 0, 0, 0, 0, 0, 0, 0, 0, 0, 0, 0, 0, 0, 0, 0, 0, 0, 0, 0, 0, 0, 0, 0, 0, 0, 0, 0, 0, 0, 0, 0, 0]
3	5	[0, 1, 0, 0, 0, 0, 0, 0, 0, 0, 0, 0, 0, 0, 0, 0, 0, 0, 0, 0, 0, 0, 0, 0, 0, 0, 0, 0, 0, 0, 0, 0, 0, 0, 0, 0, 0, 0, 0, 0, 0, 0, 0, 0, 0, 0, 0, 0, 0, 0, 0, 0, 0, 0, 0, 0, 0, 0, 0, 0]
5	5	[1, 0, 1, 0, 0, 0, 0, 0, 0, 0, 0, 0, 0, 0, 0, 0, 0, 0, 0, 0, 0, 0, 0, 0, 0, 0, 0, 0, 0, 0, 0, 0, 0, 0, 0, 0, 0, 0, 0, 0, 0, 0, 0, 0, 0, 0, 0, 0, 0, 0, 0, 0, 0, 0, 0, 0, 0, 0, 0, 0]
2	9	[0, 1, 0, 0, 0, 0, 0, 0, 0, 0, 0, 0, 0, 0, 0, 0, 0, 0, 0, 0, 0, 0, 0, 0, 0, 0, 0, 0, 0, 0, 0, 0, 0, 0, 0, 0, 0, 0, 0, 0, 0, 0, 0, 0, 0, 0, 0, 0, 0, 0, 0, 0, 0, 0, 0, 0, 0, 0, 0, 0, 0, 0, 0, 0, 0, 0, 0, 0, 0, 0, 0, 0, 0, 0, 0, 0, 0, 0, 0, 0, 0, 0, 0, 0, 0, 0, 0, 0, 0, 0, 0, 0, 0, 0, 0, 0, 0, 0, 0, 0, 0, 0, 0, 0, 0, 0, 0, 0]
2	10	[0, 1, 0, 0, 0, 0, 0, 0, 0, 0, 0, 0, 0, 0, 0, 0, 0, 0, 0, 0, 0, 0, 0, 0, 0, 0, 0, 0, 0, 0, 0, 0, 0, 0, 0, 0, 0, 0, 0, 0, 0, 0, 0, 0, 0, 0, 0, 0, 0, 0, 0, 0, 0, 0, 0, 0, 0, 0, 0, 0, 0, 0, 0, 0, 0, 0, 0, 0, 0, 0, 0, 0, 0, 0, 0, 0, 0, 0, 0, 0, 0, 0, 0, 0, 0, 0, 0, 0, 0, 0, 0, 0, 0, 0, 0, 0, 0, 0, 0, 0, 0, 0, 0, 0, 0, 0, 0, 0, 0, 0, 0, 0, 0, 0, 0, 0, 0, 0, 0, 0]
3	6	[0, 1, 1, 0, 0, 0, 0, 0, 0, 0, 0, 0, 0, 0, 0, 0, 0, 0, 0, 0, 0, 0, 0, 0, 0, 0, 0, 0, 0, 0, 0, 0, 0, 0, 0, 0, 0, 0, 0, 0, 0, 0, 0, 0, 0, 0, 0, 0, 0, 0, 0, 0, 0, 0, 0, 0, 0, 0, 0, 0, 0, 0, 0, 0, 0, 0, 0, 0, 0, 0, 0, 0]
2	11	[0, 1, 0, 0, 0, 0, 0, 0, 0, 0, 0, 0, 0, 0, 0, 0, 0, 0, 0, 0, 0, 0, 0, 0, 0, 0, 0, 0, 0, 0, 0, 0, 0, 0, 0, 0, 0, 0, 0, 0, 0, 0, 0, 0, 0, 0, 0, 0, 0, 0, 0, 0, 0, 0, 0, 0, 0, 0, 0, 0, 0, 0, 0, 0, 0, 0, 0, 0, 0, 0, 0, 0, 0, 0, 0, 0, 0, 0, 0, 0, 0, 0, 0, 0, 0, 0, 0, 0, 0, 0, 0, 0, 0, 0, 0, 0, 0, 0, 0, 0, 0, 0, 0, 0, 0, 0, 0, 0, 0, 0, 0, 0, 0, 0, 0, 0, 0, 0, 0, 0, 0, 0, 0, 0, 0, 0, 0, 0, 0, 0, 0, 0]
2	12	[0, 1, 0, 0, 0, 0, 0, 0, 0, 0, 0, 0, 0, 0, 0, 0, 0, 0, 0, 0, 0, 0, 0, 0, 0, 0, 0, 0, 0, 0, 0, 0, 0, 0, 0, 0, 0, 0, 0, 0, 0, 0, 0, 0, 0, 0, 0, 0, 0, 0, 0, 0, 0, 0, 0, 0, 0, 0, 0, 0, 0, 0, 0, 0, 0, 0, 0, 0, 0, 0, 0, 0, 0, 0, 0, 0, 0, 0, 0, 0, 0, 0, 0, 0, 0, 0, 0, 0, 0, 0, 0, 0, 0, 0, 0, 0, 0, 0, 0, 0, 0, 0, 0, 0, 0, 0, 0, 0, 0, 0, 0, 0, 0, 0, 0, 0, 0, 0, 0, 0, 0, 0, 0, 0, 0, 0, 0, 0, 0, 0, 0, 0, 0, 0, 0, 0, 0, 0, 0, 0, 0, 0, 0, 0]
2	13	[0, 1, 1, 1, 0, 0, 0, 0, 0, 0, 0, 0, 0, 0, 0, 0, 0, 0, 0, 0, 0, 0, 0, 0, 0, 0, 0, 0, 0, 0, 0, 0, 0, 0, 0, 0, 0, 0, 0, 0, 0, 0, 0, 0, 0, 0, 0, 0, 0, 0, 0, 0, 0, 0, 0, 0, 0, 0, 0, 0, 0, 0, 0, 0, 0, 0, 0, 0, 0, 0, 0, 0, 0, 0, 0, 0, 0, 0, 0, 0, 0, 0, 0, 0, 0, 0, 0, 0, 0, 0, 0, 0, 0, 0, 0, 0, 0, 0, 0, 0, 0, 0, 0, 0, 0, 0, 0, 0, 0, 0, 0, 0, 0, 0, 0, 0, 0, 0, 0, 0, 0, 0, 0, 0, 0, 0, 0, 0, 0, 0, 0, 0, 0, 0, 0, 0, 0, 0, 0, 0, 0, 0, 0, 0, 0, 0, 0, 0, 0, 0, 0, 0, 0, 0, 0, 0]
3	7	[2, 1, 1, 0, 0, 0, 0, 0, 0, 0, 0, 0, 0, 0, 0, 0, 0, 0, 0, 0, 0, 0, 0, 0, 0, 0, 0, 0, 0, 0, 0, 0, 0, 0, 0, 0, 0, 0, 0, 0, 0, 0, 0, 0, 0, 0, 0, 0, 0, 0, 0, 0, 0, 0, 0, 0, 0, 0, 0, 0, 0, 0, 0, 0, 0, 0, 0, 0, 0, 0, 0, 0, 0, 0, 0, 0, 0, 0, 0, 0, 0, 0, 0, 0]
2	14	[0, 1, 0, 1, 0, 0, 0, 0, 0, 0, 0, 0, 0, 0, 0, 0, 0, 0, 0, 0, 0, 0, 0, 0, 0, 0, 0, 0, 0, 0, 0, 0, 0, 0, 0, 0, 0, 0, 0, 0, 0, 0, 0, 0, 0, 0, 0, 0, 0, 0, 0, 0, 0, 0, 0, 0, 0, 0, 0, 0, 0, 0, 0, 0, 0, 0, 0, 0, 0, 0, 0, 0, 0, 0, 0, 0, 0, 0, 0, 0, 0, 0, 0, 0, 0, 0, 0, 0, 0, 0, 0, 0, 0, 0, 0, 0, 0, 0, 0, 0, 0, 0, 0, 0, 0, 0, 0, 0, 0, 0, 0, 0, 0, 0, 0, 0, 0, 0, 0, 0, 0, 0, 0, 0, 0, 0, 0, 0, 0, 0, 0, 0, 0, 0, 0, 0, 0, 0, 0, 0, 0, 0, 0, 0, 0, 0, 0, 0, 0, 0, 0, 0, 0, 0, 0, 0, 0, 0, 0, 0, 0, 0, 0, 0, 0, 0, 0, 0]
11	1	[9, 1, 0, 0, 0, 0, 0, 0, 0, 0, 0, 0]
11	2	[0, 1, 0, 0, 0, 0, 0, 0, 0, 0, 0, 0, 0, 0, 0, 0, 0, 0, 0, 0, 0, 0, 0, 0]
11	3	[1, 0, 1, 0, 0, 0, 0, 0, 0, 0, 0, 0, 0, 0, 0, 0, 0, 0, 0, 0, 0, 0, 0, 0, 0, 0, 0, 0, 0, 0, 0, 0, 0, 0, 0, 0]
7	5	[6, 1, 1, 0, 0, 0, 0, 0, 0, 0, 0, 0, 0, 0, 0, 0, 0, 0, 0, 0, 0, 0, 0, 0, 0, 0, 0, 0, 0, 0, 0, 0, 0, 0, 0, 0, 0, 0, 0, 0, 0, 0, 0, 0, 0, 0, 0, 0, 0, 0, 0, 0, 0, 0, 0, 0, 0, 0, 0, 0]
13	1	[3, 1, 0, 0, 0, 0, 0, 0, 0, 0, 0, 0]
13	2	[2, 0, 1, 0, 0, 0, 0, 0, 0, 0, 0, 0, 0, 0, 0, 0, 0, 0, 0, 0, 0, 0, 0, 0]
13	3	[11, 1, 1, 0, 0, 0, 0, 0, 0, 0, 0, 0, 0, 0, 0, 0, 0, 0, 0, 0, 0, 0, 0, 0, 0, 0, 0, 0, 0, 0, 0, 0, 0, 0, 0, 0]
17	1	[6, 1, 0, 0, 0, 0, 0, 0, 0, 0, 0, 0]
17	2	[0, 1, 0, 0, 0, 0, 0, 0, 0, 0, 0, 0, 0, 0, 0, 0, 0, 0, 0, 0, 0, 0, 0, 0]
17	3	[2, 1, 1, 0, 0, 0, 0, 0, 0, 0, 0, 0, 0, 0, 0, 0, 0, 0, 0, 0, 0, 0, 0, 0, 0, 0, 0, 0, 0, 0, 0, 0, 0, 0, 0, 0]
19	1	[5, 1, 0, 0, 0, 0, 0, 0, 0, 0, 0, 0]
19	2	[0, 1, 0, 0, 0, 0, 0, 0, 0, 0, 0, 0, 0, 0, 0, 0, 0, 0, 0, 0, 0, 0, 0, 0]
11	4	[9, 1, 0, 0, 0, 0, 0, 0, 0, 0, 0, 0, 0, 0, 0, 0, 0, 0, 0, 0, 0, 0, 0, 0, 0, 0, 0, 0, 0, 0, 0, 0, 0, 0, 0, 0, 0, 0, 0, 0, 0, 0, 0, 0, 0, 0, 0, 0]
23	1	[2, 1, 0, 0, 0, 0, 0, 0, 0, 0, 0, 0]
23	2	[7, 1, 0, 0, 0, 0, 0, 0, 0, 0, 0, 0, 0, 0, 0, 0, 0, 0, 0, 0, 0, 0, 0, 0]
5	6	[2, 1, 1, 1, 0, 0, 0, 0, 0, 0, 0, 0, 0, 0, 0, 0, 0, 0, 0, 0, 0, 0, 0, 0, 0, 0, 0, 0, 0, 0, 0, 0, 0, 0, 0, 0, 0, 0, 0, 0, 0, 0, 0, 0, 0, 0, 0, 0, 0, 0, 0, 0, 0, 0, 0, 0, 0, 0, 0, 0, 0, 0, 0, 0, 0, 0, 0, 0, 0, 0, 0, 0]
29	1	[1, 1, 0, 0, 0, 0, 0, 0, 0, 0, 0, 0]
19	3	[11, 1, 1, 0, 0, 0, 0, 0, 0, 0, 0, 0, 0, 0, 0, 0, 0, 0, 0, 0, 0, 0, 0, 0, 0, 0, 0, 0, 0, 0, 0, 0, 0, 0, 0, 0]
31	1	[9, 1, 0, 0, 0, 0, 0, 0, 0, 0, 0, 0]
29	2	[3, 1, 0, 0, 0, 0, 0, 0, 0, 0, 0, 0, 0, 0, 0, 0, 0, 0, 0, 0, 0, 0, 0, 0]
37	1	[8, 0, 1, 0, 0, 0, 0, 0, 0, 0, 0, 0]
31	2	[18, 0, 1, 0, 0, 0, 0, 0, 0, 0, 0, 0, 0, 0, 0, 0, 0, 0, 0, 0, 0, 0, 0, 0]
41	1	[5, 1, 0, 0, 0, 0, 0, 0, 0, 0, 0, 0]
23	3	[7, 0, 1, 0, 0, 0, 0, 0, 0, 0, 0, 0, 0, 0, 0, 0, 0, 0, 0, 0, 0, 0, 0, 0, 0, 0, 0, 0, 0, 0, 0, 0, 0, 0, 0, 0]
43	1	[1, 1, 0, 0, 0, 0, 0, 0, 0, 0, 0, 0]
37	2	[2, 0, 1, 0, 0, 0, 0, 0, 0, 0, 0, 0, 0, 0, 0, 0, 0, 0, 0, 0, 0, 0, 0, 0]
41	2	[2, 1, 0, 0, 0, 0, 0, 0, 0, 0, 0, 0, 0, 0, 0, 0, 0, 0, 0, 0, 0, 0, 0, 0]
47	1	[4, 1, 0, 0, 0, 0, 0, 0, 0, 0, 0, 0]
53	1	[5, 1, 0, 0, 0, 0, 0, 0, 0, 0, 0, 0]
47	2	[5, 1, 0, 0, 0, 0, 0, 0, 0, 0, 0, 0, 0, 0, 0, 0, 0, 0, 0, 0, 0, 0, 0, 0]
59	1	[5, 1, 0, 0, 0, 0, 0, 0, 0, 0, 0, 0]
53	2	[1, 1, 0, 0, 0, 0, 0, 0, 0, 0, 0, 0, 0, 0, 0, 0, 0, 0, 0, 0, 0, 0, 0, 0]
61	1	[1, 1, 0, 0, 0, 0, 0, 0, 0, 0, 0, 0]
43	2	[3, 0, 1, 0, 0, 0, 0, 0, 0, 0, 0, 0, 0, 0, 0, 0, 0, 0, 0, 0, 0, 0, 0, 0]
59	2	[2, 1, 0, 0, 0, 0, 0, 0, 0, 0, 0, 0, 0, 0, 0, 0, 0, 0, 0, 0, 0, 0, 0, 0]
67	1	[1, 0, 1, 0, 0, 0, 0, 0, 0, 0, 0, 0]
71	1	[2, 1, 0, 0, 0, 0, 0, 0, 0, 0, 0, 0]
3	8	[1, 0, 1, 0, 0, 0, 0, 0, 0, 0, 0, 0, 0, 0, 0, 0, 0, 0, 0, 0, 0, 0, 0, 0, 0, 0, 0, 0, 0, 0, 0, 0, 0, 0, 0, 0, 0, 0, 0, 0, 0, 0, 0, 0, 0, 0, 0, 0, 0, 0, 0, 0, 0, 0, 0, 0, 0, 0, 0, 0, 0, 0, 0, 0, 0, 0, 0, 0, 0, 0, 0, 0, 0, 0, 0, 0, 0, 0, 0, 0, 0, 0, 0, 0, 0, 0, 0, 0, 0, 0, 0, 0, 0, 0, 0, 0]
71	2	[2, 1, 0, 0, 0, 0, 0, 0, 0, 0, 0, 0, 0, 0, 0, 0, 0, 0, 0, 0, 0, 0, 0, 0]
73	1	[13, 1, 0, 0, 0, 0, 0, 0, 0, 0, 0, 0]
61	2	[5, 0, 1, 0, 0, 0, 0, 0, 0, 0, 0, 0, 0, 0, 0, 0, 0, 0, 0, 0, 0, 0, 0, 0]
79	1	[3, 1, 0, 0, 0, 0, 0, 0, 0, 0, 0, 0]
67	2	[1, 0, 1, 0, 0, 0, 0, 0, 0, 0, 0, 0, 0, 0, 0, 0, 0, 0, 0, 0, 0, 0, 0, 0]
83	1	[10, 1, 0, 0, 0, 0, 0, 0, 0, 0, 0, 0]
83	2	[5, 1, 0, 0, 0, 0, 0, 0, 0, 0, 0, 0, 0, 0, 0, 0, 0, 0, 0, 0, 0, 0, 0, 0]
89	1	[8, 1, 0, 0, 0, 0, 0, 0, 0, 0, 0, 0]
73	2	[2, 0, 1, 0, 0, 0, 0, 0, 0, 0, 0, 0, 0, 0, 0, 0, 0, 0, 0, 0, 0, 0, 0, 0]
97	1	[5, 1, 0, 0, 0, 0, 0, 0, 0, 0, 0, 0]
79	2	[7, 0, 1, 0, 0, 0, 0, 0, 0, 0, 0, 0, 0, 0, 0, 0, 0, 0, 0, 0, 0, 0, 0, 0]
101	1	[2, 1, 0, 0, 0, 0, 0, 0, 0, 0, 0, 0]
89	2	[15, 1, 0, 0, 0, 0, 0, 0, 0, 0, 0, 0, 0, 0, 0, 0, 0, 0, 0, 0, 0, 0, 0, 0]
103	1	[8, 1, 0, 0, 0, 0, 0, 0, 0, 0, 0, 0]
101	2	[4, 1, 0, 0, 0, 0, 0, 0, 0, 0, 0, 0, 0, 0, 0, 0, 0, 0, 0, 0, 0, 0, 0, 0]
107	1	[5, 1, 0, 0, 0, 0, 0, 0, 0, 0, 0, 0]
97	2	[3, 0, 1, 0, 0, 0, 0, 0, 0, 0, 0, 0, 0, 0, 0, 0, 0, 0, 0, 0, 0, 0, 0, 0]
109	1	[4, 1, 0, 0, 0, 0, 0, 0, 0, 0, 0, 0]
107	2	[3, 1, 0, 0, 0, 0, 0, 0, 0, 0, 0, 0, 0, 0, 0, 0, 0, 0, 0, 0, 0, 0, 0, 0]
113	1	[9, 1, 0, 0, 0, 0, 0, 0, 0, 0, 0, 0]
113	2	[4, 1, 0, 0, 0, 0, 0, 0, 0, 0, 0, 0, 0, 0, 0, 0, 0, 0, 0, 0, 0, 0, 0, 0]
103	2	[3, 0, 1, 0, 0, 0, 0, 0, 0, 0, 0, 0, 0, 0, 0, 0, 0, 0, 0, 0, 0, 0, 0, 0]
127	1	[3, 1, 0, 0, 0, 0, 0, 0, 0, 0, 0, 0]
131	1	[5, 1, 0, 0, 0, 0, 0, 0, 0, 0, 0, 0]
131	2	[3, 1, 0, 0, 0, 0, 0, 0, 0, 0, 0, 0, 0, 0, 0, 0, 0, 0, 0, 0, 0, 0, 0, 0]
137	1	[10, 1, 0, 0, 0, 0, 0, 0, 0, 0, 0, 0]
109	2	[2, 0, 1, 0, 0, 0, 0, 0, 0, 0, 0, 0, 0, 0, 0, 0, 0, 0, 0, 0, 0, 0, 0, 0]
139	1	[2, 1, 0, 0, 0, 0, 0, 0, 0, 0, 0, 0]
137	2	[3, 1, 0, 0, 0, 0, 0, 0, 0, 0, 0, 0, 0, 0, 0, 0, 0, 0, 0, 0, 0, 0, 0, 0]
149	1	[2, 1, 0, 0, 0, 0, 0, 0, 0, 0, 0, 0]
151	1	[4, 1, 0, 0, 0, 0, 0, 0, 0, 0, 0, 0]
157	1	[8, 1, 0, 0, 0, 0, 0, 0, 0, 0, 0, 0]
163	1	[3, 1, 0, 0, 0, 0, 0, 0, 0, 0, 0, 0]
127	2	[5, 0, 1, 0, 0, 0, 0, 0, 0, 0, 0, 0, 0, 0, 0, 0, 0, 0, 0, 0, 0, 0, 0, 0]
173	1	[3, 1, 0, 0, 0, 0, 0, 0, 0, 0, 0, 0]
167	1	[1, 0, 1, 0, 0, 0, 0, 0, 0, 0, 0, 0]
179	1	[1, 1, 0, 0, 0, 0, 0, 0, 0, 0, 0, 0]
181	1	[3, 1, 0, 0, 0, 0, 0, 0, 0, 0, 0, 0]
191	1	[13, 1, 0, 0, 0, 0, 0, 0, 0, 0, 0, 0]
193	1	[1, 1, 0, 0, 0, 0, 0, 0, 0, 0, 0, 0]
197	1	[2, 1, 0, 0, 0, 0, 0, 0, 0, 0, 0, 0]
199	1	[5, 1, 0, 0, 0, 0, 0, 0, 0, 0, 0, 0]
211	1	[3, 1, 0, 0, 0, 0, 0, 0, 0, 0, 0, 0]
223	1	[2, 1, 0, 0, 0, 0, 0, 0, 0, 0, 0, 0]
227	1	[10, 1, 0, 0, 0, 0, 0, 0, 0, 0, 0, 0]
229	1	[4, 1, 0, 0, 0, 0, 0, 0, 0, 0, 0, 0]
233	1	[4, 1, 0, 0, 0, 0, 0, 0, 0, 0, 0, 0]
239	1	[3, 1, 0, 0, 0, 0, 0, 0, 0, 0, 0, 0]
241	1	[2, 1, 0, 0, 0, 0, 0, 0, 0, 0, 0, 0]
251	1	[3, 1, 0, 0, 0, 0, 0, 0, 0, 0, 0, 0]
257	1	[2, 1, 0, 0, 0, 0, 0, 0, 0, 0, 0, 0]
263	1	[8, 1, 0, 0, 0, 0, 0, 0, 0, 0, 0, 0]
269	1	[3, 1, 0, 0, 0, 0, 0, 0, 0, 0, 0, 0]
271	1	[25, 1, 0, 0, 0, 0, 0, 0, 0, 0, 0, 0]
277	1	[3, 1, 0, 0, 0, 0, 0, 0, 0, 0, 0, 0]
281	1	[8, 1, 0, 0, 0, 0, 0, 0, 0, 0, 0, 0]
283	1	[9, 1, 0, 0, 0, 0, 0, 0, 0, 0, 0, 0]
293	1	[2, 1, 0, 0, 0, 0, 0, 0, 0, 0, 0, 0]
139	2	[1, 0, 1, 0, 0, 0, 0, 0, 0, 0, 0, 0, 0, 0, 0, 0, 0, 0, 0, 0, 0, 0, 0, 0]
311	1	[11, 0, 1, 0, 0, 0, 0, 0, 0, 0, 0, 0]
307	1	[3, 0, 1, 0, 0, 0, 0, 0, 0, 0, 0, 0]
331	1	[14, 1, 0, 0, 0, 0, 0, 0, 0, 0, 0, 0]
317	1	[5, 0, 1, 0, 0, 0, 0, 0, 0, 0, 0, 0]
313	1	[11, 0, 1, 0, 0, 0, 0, 0, 0, 0, 0, 0]
349	1	[9, 1, 0, 0, 0, 0, 0, 0, 0, 0, 0, 0]
353	1	[7, 1, 0, 0, 0, 0, 0, 0, 0, 0, 0, 0]
337	1	[6, 0, 1, 0, 0, 0, 0, 0, 0, 0, 0, 0]
347	1	[1, 0, 1, 0, 0, 0, 0, 0, 0, 0, 0, 0]
359	1	[5, 0, 1, 0, 0, 0, 0, 0, 0, 0, 0, 0]
379	1	[3, 1, 0, 0, 0, 0, 0, 0, 0, 0, 0, 0]
383	1	[13, 1, 0, 0, 0, 0, 0, 0, 0, 0, 0, 0]
367	1	[2, 0, 1, 0, 0, 0, 0, 0, 0, 0, 0, 0]
397	1	[3, 1, 0, 0, 0, 0, 0, 0, 0, 0, 0, 0]
401	1	[3, 1, 0, 0, 0, 0, 0, 0, 0, 0, 0, 0]
409	1	[2, 1, 0, 0, 0, 0, 0, 0, 0, 0, 0, 0]
389	1	[1, 0, 1, 0, 0, 0, 0, 0, 0, 0, 0, 0]
373	1	[22, 0, 1, 0, 0, 0, 0, 0, 0, 0, 0, 0]
431	1	[6, 1, 0, 0, 0, 0, 0, 0, 0, 0, 0, 0]
419	1	[2, 0, 1, 0, 0, 0, 0, 0, 0, 0, 0, 0]
421	1	[12, 0, 1, 0, 0, 0, 0, 0, 0, 0, 0, 0]
439	1	[21, 0, 1, 0, 0, 0, 0, 0, 0, 0, 0, 0]
449	1	[14, 1, 0, 0, 0, 0, 0, 0, 0, 0, 0, 0]
457	1	[17, 1, 0, 0, 0, 0, 0, 0, 0, 0, 0, 0]
461	1	[2, 1, 0, 0, 0, 0, 0, 0, 0, 0, 0, 0]
433	1	[15, 0, 1, 0, 0, 0, 0, 0, 0, 0, 0, 0]
443	1	[4, 0, 1, 0, 0, 0, 0, 0, 0, 0, 0, 0]
479	1	[3, 1, 0, 0, 0, 0, 0, 0, 0, 0, 0, 0]
487	1	[7, 1, 0, 0, 0, 0, 0, 0, 0, 0, 0, 0]
3	9	[2, 0, 1, 0, 0, 0, 0, 0, 0, 0, 0, 0, 0, 0, 0, 0, 0, 0, 0, 0, 0, 0, 0, 0, 0, 0, 0, 0, 0, 0, 0, 0, 0, 0, 0, 0, 0, 0, 0, 0, 0, 0, 0, 0, 0, 0, 0, 0, 0, 0, 0, 0, 0, 0, 0, 0, 0, 0, 0, 0, 0, 0, 0, 0, 0, 0, 0, 0, 0, 0, 0, 0, 0, 0, 0, 0, 0, 0, 0, 0, 0, 0, 0, 0, 0, 0, 0, 0, 0, 0, 0, 0, 0, 0, 0, 0, 0, 0, 0, 0, 0, 0, 0, 0, 0, 0, 0, 0]
467	1	[4, 0, 1, 0, 0, 0, 0, 0, 0, 0, 0, 0]
463	1	[4, 0, 1, 0, 0, 0, 0, 0, 0, 0, 0, 0]
509	1	[3, 1, 0, 0, 0, 0, 0, 0, 0, 0, 0, 0]
491	1	[7, 0, 1, 0, 0, 0, 0, 0, 0, 0, 0, 0]
499	1	[3, 0, 1, 0, 0, 0, 0, 0, 0, 0, 0, 0]
503	1	[1, 0, 1, 0, 0, 0, 0, 0, 0, 0, 0, 0]
521	1	[4, 0, 1, 0, 0, 0, 0, 0, 0, 0, 0, 0]
557	1	[25, 1, 0, 0, 0, 0, 0, 0, 0, 0, 0, 0]
523	1	[8, 0, 1, 0, 0, 0, 0, 0, 0, 0, 0, 0]
547	1	[5, 0, 1, 0, 0, 0, 0, 0, 0, 0, 0, 0]
563	1	[3, 0, 1, 0, 0, 0, 0, 0, 0, 0, 0, 0]
541	1	[4, 0, 1, 0, 0, 0, 0, 0, 0, 0, 0, 0]
587	1	[2, 1, 0, 0, 0, 0, 0, 0, 0, 0, 0, 0]
569	1	[15, 0, 1, 0, 0, 0, 0, 0, 0, 0, 0, 0]
571	1	[4, 0, 1, 0, 0, 0, 0, 0, 0, 0, 0, 0]
593	1	[4, 0, 1, 0, 0, 0, 0, 0, 0, 0, 0, 0]
577	1	[6, 0, 1, 0, 0, 0, 0, 0, 0, 0, 0, 0]
613	1	[7, 1, 0, 0, 0, 0, 0, 0, 0, 0, 0, 0]
617	1	[13, 1, 0, 0, 0, 0, 0, 0, 0, 0, 0, 0]
599	1	[7, 0, 1, 0, 0, 0, 0, 0, 0, 0, 0, 0]
631	1	[12, 1, 0, 0, 0, 0, 0, 0, 0, 0, 0, 0]
607	1	[8, 0, 1, 0, 0, 0, 0, 0, 0, 0, 0, 0]
643	1	[13, 1, 0, 0, 0, 0, 0, 0, 0, 0, 0, 0]
601	1	[2, 0, 1, 0, 0, 0, 0, 0, 0, 0, 0, 0]
619	1	[7, 0, 1, 0, 0, 0, 0, 0, 0, 0, 0, 0]
641	1	[1, 0, 1, 0, 0, 0, 0, 0, 0, 0, 0, 0]
661	1	[3, 1, 0, 0, 0, 0, 0, 0, 0, 0, 0, 0]
647	1	[3, 0, 1, 0, 0, 0, 0, 0, 0, 0, 0, 0]
653	1	[1, 0, 1, 0, 0, 0, 0, 0, 0, 0, 0, 0]
683	1	[3, 1, 0, 0, 0, 0, 0, 0, 0, 0, 0, 0]
691	1	[7, 1, 0, 0, 0, 0, 0, 0, 0, 0, 0, 0]
659	1	[2, 0, 1, 0, 0, 0, 0, 0, 0, 0, 0, 0]
709	1	[28, 1, 0, 0, 0, 0, 0, 0, 0, 0, 0, 0]
673	1	[1, 0, 1, 0, 0, 0, 0, 0, 0, 0, 0, 0]
677	1	[3, 0, 1, 0, 0, 0, 0, 0, 0, 0, 0, 0]
719	1	[3, 0, 1, 0, 0, 0, 0, 0, 0, 0, 0, 0]
739	1	[18, 1, 0, 0, 0, 0, 0, 0, 0, 0, 0, 0]
743	1	[7, 1, 0, 0, 0, 0, 0, 0, 0, 0, 0, 0]
701	1	[3, 0, 1, 0, 0, 0, 0, 0, 0, 0, 0, 0]
727	1	[1, 0, 1, 0, 0, 0, 0, 0, 0, 0, 0, 0]
761	1	[5, 1, 0, 0, 0, 0, 0, 0, 0, 0, 0, 0]
769	1	[2, 1, 0, 0, 0, 0, 0, 0, 0, 0, 0, 0]
773	1	[16, 1, 0, 0, 0, 0, 0, 0, 0, 0, 0, 0]
787	1	[3, 1, 0, 0, 0, 0, 0, 0, 0, 0, 0, 0]
751	1	[1, 0, 1, 0, 0, 0, 0, 0, 0, 0, 0, 0]
733	1	[6, 0, 1, 0, 0, 0, 0, 0, 0, 0, 0, 0]
757	1	[3, 0, 1, 0, 0, 0, 0, 0, 0, 0, 0, 0]
821	1	[3, 1, 0, 0, 0, 0, 0, 0, 0, 0, 0, 0]
797	1	[3, 0, 1, 0, 0, 0, 0, 0, 0, 0, 0, 0]
809	1	[2, 0, 1, 0, 0, 0, 0, 0, 0, 0, 0, 0]
811	1	[24, 0, 1, 0, 0, 0, 0, 0, 0, 0, 0, 0]
839	1	[2, 1, 0, 0, 0, 0, 0, 0, 0, 0, 0, 0]
823	1	[6, 0, 1, 0, 0, 0, 0, 0, 0, 0, 0, 0]
827	1	[20, 0, 1, 0, 0, 0, 0, 0, 0, 0, 0, 0]
829	1	[14, 0, 1, 0, 0, 0, 0, 0, 0, 0, 0, 0]
857	1	[11, 0, 1, 0, 0, 0, 0, 0, 0, 0, 0, 0]
877	1	[8, 1, 0, 0, 0, 0, 0, 0, 0, 0, 0, 0]
853	1	[1, 0, 1, 0, 0, 0, 0, 0, 0, 0, 0, 0]
859	1	[2, 0, 1, 0, 0, 0, 0, 0, 0, 0, 0, 0]
863	1	[16, 0, 1, 0, 0, 0, 0, 0, 0, 0, 0, 0]
881	1	[5, 0, 1, 0, 0, 0, 0, 0, 0, 0, 0, 0]
887	1	[3, 0, 1, 0, 0, 0, 0, 0, 0, 0, 0, 0]
883	1	[1, 0, 1, 0, 0, 0, 0, 0, 0, 0, 0, 0]
929	1	[2, 1, 0, 0, 0, 0, 0, 0, 0, 0, 0, 0]
907	1	[11, 0, 1, 0, 0, 0, 0, 0, 0, 0, 0, 0]
911	1	[3, 0, 1, 0, 0, 0, 0, 0, 0, 0, 0, 0]
947	1	[5, 1, 0, 0, 0, 0, 0, 0, 0, 0, 0, 0]
919	1	[14, 0, 1, 0, 0, 0, 0, 0, 0, 0, 0, 0]
941	1	[1, 0, 1, 0, 0, 0, 0, 0, 0, 0, 0, 0]
953	1	[3, 0, 1, 0, 0, 0, 0, 0, 0, 0, 0, 0]
977	1	[5, 1, 0, 0, 0, 0, 0, 0, 0, 0, 0, 0]
967	1	[4, 0, 1, 0, 0, 0, 0, 0, 0, 0, 0, 0]
937	1	[3, 0, 1, 0, 0, 0, 0, 0, 0, 0, 0, 0]
971	1	[1, 0, 1, 0, 0, 0, 0, 0, 0, 0, 0, 0]
983	1	[2, 0, 1, 0, 0, 0, 0, 0, 0, 0, 0, 0]
991	1	[18, 0, 1, 0, 0, 0, 0, 0, 0, 0, 0, 0]
997	1	[6, 0, 1, 0, 0, 0, 0, 0, 0, 0, 0, 0]
1021	1	[5, 1, 0, 0, 0, 0, 0, 0, 0, 0, 0, 0]
1013	1	[2, 0, 1, 0, 0, 0, 0, 0, 0, 0, 0, 0]
1033	1	[7, 1, 0, 0, 0, 0, 0, 0, 0, 0, 0, 0]
1019	1	[2, 0, 1, 0, 0, 0, 0, 0, 0, 0, 0, 0]
1009	1	[1, 0, 1, 0, 0, 0, 0, 0, 0, 0, 0, 0]
1051	1	[6, 1, 0, 0, 0, 0, 0, 0, 0, 0, 0, 0]
1031	1	[15, 0, 1, 0, 0, 0, 0, 0, 0, 0, 0, 0]
1039	1	[4, 0, 1, 0, 0, 0, 0, 0, 0, 0, 0, 0]
1049	1	[9, 0, 1, 0, 0, 0, 0, 0, 0, 0, 0, 0]
1061	1	[1, 0, 1, 0, 0, 0, 0, 0, 0, 0, 0, 0]
1063	1	[4, 0, 1, 0, 0, 0, 0, 0, 0, 0, 0, 0]
1087	1	[2, 0, 1, 0, 0, 0, 0, 0, 0, 0, 0, 0]
1091	1	[4, 0, 1, 0, 0, 0, 0, 0, 0, 0, 0, 0]
1103	1	[2, 1, 0, 0, 0, 0, 0, 0, 0, 0, 0, 0]
1069	1	[3, 0, 1, 0, 0, 0, 0, 0, 0, 0, 0, 0]
1097	1	[4, 0, 1, 0, 0, 0, 0, 0, 0, 0, 0, 0]
1093	1	[13, 0, 1, 0, 0, 0, 0, 0, 0, 0, 0, 0]
1129	1	[17, 1, 0, 0, 0, 0, 0, 0, 0, 0, 0, 0]
1151	1	[8, 1, 0, 0, 0, 0, 0, 0, 0, 0, 0, 0]
1109	1	[8, 0, 1, 0, 0, 0, 0, 0, 0, 0, 0, 0]
1163	1	[2, 1, 0, 0, 0, 0, 0, 0, 0, 0, 0, 0]
1117	1	[2, 0, 1, 0, 0, 0, 0, 0, 0, 0, 0, 0]
1181	1	[4, 1, 0, 0, 0, 0, 0, 0, 0, 0, 0, 0]
1123	1	[10, 0, 1, 0, 0, 0, 0, 0, 0, 0, 0, 0]
1171	1	[1, 0, 1, 0, 0, 0, 0, 0, 0, 0, 0, 0]
1153	1	[6, 0, 1, 0, 0, 0, 0, 0, 0, 0, 0, 0]
1187	1	[3, 0, 1, 0, 0, 0, 0, 0, 0, 0, 0, 0]
1193	1	[6, 0, 1, 0, 0, 0, 0, 0, 0, 0, 0, 0]
1223	1	[7, 0, 1, 0, 0, 0, 0, 0, 0, 0, 0, 0]
1229	1	[3, 1, 0, 0, 0, 0, 0, 0, 0, 0, 0, 0]
1217	1	[3, 0, 1, 0, 0, 0, 0, 0, 0, 0, 0, 0]
1237	1	[9, 1, 0, 0, 0, 0, 0, 0, 0, 0, 0, 0]
1201	1	[5, 0, 1, 0, 0, 0, 0, 0, 0, 0, 0, 0]
1259	1	[12, 1, 0, 0, 0, 0, 0, 0, 0, 0, 0, 0]
1213	1	[14, 0, 1, 0, 0, 0, 0, 0, 0, 0, 0, 0]
1231	1	[4, 0, 1, 0, 0, 0, 0, 0, 0, 0, 0, 0]
1277	1	[4, 0, 1, 0, 0, 0, 0, 0, 0, 0, 0, 0]
1289	1	[6, 1, 0, 0, 0, 0, 0, 0, 0, 0, 0, 0]
1249	1	[7, 0, 1, 0, 0, 0, 0, 0, 0, 0, 0, 0]
1279	1	[3, 0, 1, 0, 0, 0, 0, 0, 0, 0, 0, 0]
1283	1	[2, 0, 1, 0, 0, 0, 0, 0, 0, 0, 0, 0]
1291	1	[2, 0, 1, 0, 0, 0, 0, 0, 0, 0, 0, 0]
1307	1	[6, 1, 0, 0, 0, 0, 0, 0, 0, 0, 0, 0]
1319	1	[9, 1, 0, 0, 0, 0, 0, 0, 0, 0, 0, 0]
1301	1	[1, 0, 1, 0, 0, 0, 0, 0, 0, 0, 0, 0]
1303	1	[1, 0, 1, 0, 0, 0, 0, 0, 0, 0, 0, 0]
1297	1	[6, 0, 1, 0, 0, 0, 0, 0, 0, 0, 0, 0]
1367	1	[6, 1, 0, 0, 0, 0, 0, 0, 0, 0, 0, 0]
1327	1	[6, 0, 1, 0, 0, 0, 0, 0, 0, 0, 0, 0]
1321	1	[1, 0, 1, 0, 0, 0, 0, 0, 0, 0, 0, 0]
1361	1	[10, 0, 1, 0, 0, 0, 0, 0, 0, 0, 0, 0]
1373	1	[5, 0, 1, 0, 0, 0, 0, 0, 0, 0, 0, 0]
1423	1	[6, 1, 0, 0, 0, 0, 0, 0, 0, 0, 0, 0]
1427	1	[3, 0, 1, 0, 0, 0, 0, 0, 0, 0, 0, 0]
1399	1	[6, 0, 1, 0, 0, 0, 0, 0, 0, 0, 0, 0]
1409	1	[1, 0, 1, 0, 0, 0, 0, 0, 0, 0, 0, 0]
1381	1	[14, 0, 1, 0, 0, 0, 0, 0, 0, 0, 0, 0]
1439	1	[6, 0, 1, 0, 0, 0, 0, 0, 0, 0, 0, 0]
1433	1	[2, 0, 1, 0, 0, 0, 0, 0, 0, 0, 0, 0]
1447	1	[2, 0, 1, 0, 0, 0, 0, 0, 0, 0, 0, 0]
1429	1	[26, 0, 1, 0, 0, 0, 0, 0, 0, 0, 0, 0]
1471	1	[2, 1, 0, 0, 0, 0, 0, 0, 0, 0, 0, 0]
1451	1	[11, 0, 1, 0, 0, 0, 0, 0, 0, 0, 0, 0]
1459	1	[2, 0, 1, 0, 0, 0, 0, 0, 0, 0, 0, 0]
1481	1	[6, 0, 1, 0, 0, 0, 0, 0, 0, 0, 0, 0]
1489	1	[2, 1, 0, 0, 0, 0, 0, 0, 0, 0, 0, 0]
1493	1	[7, 1, 0, 0, 0, 0, 0, 0, 0, 0, 0, 0]
1453	1	[9, 0, 1, 0, 0, 0, 0, 0, 0, 0, 0, 0]
1483	1	[1, 0, 1, 0, 0, 0, 0, 0, 0, 0, 0, 0]
1523	1	[5, 1, 0, 0, 0, 0, 0, 0, 0, 0, 0, 0]
1487	1	[3, 0, 1, 0, 0, 0, 0, 0, 0, 0, 0, 0]
1499	1	[2, 0, 1, 0, 0, 0, 0, 0, 0, 0, 0, 0]
1549	1	[12, 1, 0, 0, 0, 0, 0, 0, 0, 0, 0, 0]
1553	1	[10, 1, 0, 0, 0, 0, 0, 0, 0, 0, 0, 0]
1511	1	[2, 0, 1, 0, 0, 0, 0, 0, 0, 0, 0, 0]
1567	1	[10, 1, 0, 0, 0, 0, 0, 0, 0, 0, 0, 0]
1571	1	[2, 1, 0, 0, 0, 0, 0, 0, 0, 0, 0, 0]
1579	1	[4, 1, 0, 0, 0, 0, 0, 0, 0, 0, 0, 0]
1531	1	[13, 0, 1, 0, 0, 0, 0, 0, 0, 0, 0, 0]
1597	1	[2, 1, 0, 0, 0, 0, 0, 0, 0, 0, 0, 0]
1601	1	[6, 1, 0, 0, 0, 0, 0, 0, 0, 0, 0, 0]
1543	1	[3, 0, 1, 0, 0, 0, 0, 0, 0, 0, 0, 0]
1559	1	[8, 0, 1, 0, 0, 0, 0, 0, 0, 0, 0, 0]
1583	1	[2, 0, 1, 0, 0, 0, 0, 0, 0, 0, 0, 0]
1619	1	[5, 1, 0, 0, 0, 0, 0, 0, 0, 0, 0, 0]
1607	1	[11, 0, 1, 0, 0, 0, 0, 0, 0, 0, 0, 0]
1627	1	[7, 1, 0, 0, 0, 0, 0, 0, 0, 0, 0, 0]
1613	1	[1, 0, 1, 0, 0, 0, 0, 0, 0, 0, 0, 0]
1657	1	[4, 1, 0, 0, 0, 0, 0, 0, 0, 0, 0, 0]
1609	1	[4, 0, 1, 0, 0, 0, 0, 0, 0, 0, 0, 0]
1621	1	[5, 0, 1, 0, 0, 0, 0, 0, 0, 0, 0, 0]
1637	1	[5, 0, 1, 0, 0, 0, 0, 0, 0, 0, 0, 0]
1663	1	[3, 0, 1, 0, 0, 0, 0, 0, 0, 0, 0, 0]
1697	1	[2, 1, 0, 0, 0, 0, 0, 0, 0, 0, 0, 0]
1667	1	[9, 0, 1, 0, 0, 0, 0, 0, 0, 0, 0, 0]
1709	1	[11, 1, 0, 0, 0, 0, 0, 0, 0, 0, 0, 0]
1669	1	[8, 0, 1, 0, 0, 0, 0, 0, 0, 0, 0, 0]
1723	1	[2, 1, 0, 0, 0, 0, 0, 0, 0, 0, 0, 0]
1693	1	[9, 0, 1, 0, 0, 0, 0, 0, 0, 0, 0, 0]
1699	1	[3, 0, 1, 0, 0, 0, 0, 0, 0, 0, 0, 0]
1721	1	[1, 0, 1, 0, 0, 0, 0, 0, 0, 0, 0, 0]
1753	1	[4, 1, 0, 0, 0, 0, 0, 0, 0, 0, 0, 0]
1733	1	[7, 0, 1, 0, 0, 0, 0, 0, 0, 0, 0, 0]
1747	1	[7, 0, 1, 0, 0, 0, 0, 0, 0, 0, 0, 0]
1783	1	[7, 1, 0, 0, 0, 0, 0, 0, 0, 0, 0, 0]
1787	1	[3, 1, 0, 0, 0, 0, 0, 0, 0, 0, 0, 0]
1759	1	[7, 0, 1, 0, 0, 0, 0, 0, 0, 0, 0, 0]
1801	1	[9, 1, 0, 0, 0, 0, 0, 0, 0, 0, 0, 0]
1741	1	[5, 0, 1, 0, 0, 0, 0, 0, 0, 0, 0, 0]
1811	1	[6, 0, 1, 0, 0, 0, 0, 0, 0, 0, 0, 0]
1831	1	[3, 1, 0, 0, 0, 0, 0, 0, 0, 0, 0, 0]
1777	1	[2, 0, 1, 0, 0, 0, 0, 0, 0, 0, 0, 0]
1861	1	[3, 1, 0, 0, 0, 0, 0, 0, 0, 0, 0, 0]
1823	1	[7, 0, 1, 0, 0, 0, 0, 0, 0, 0, 0, 0]
1789	1	[1, 0, 1, 0, 0, 0, 0, 0, 0, 0, 0, 0]
